2200
2210
2235
2260
2215
2235
2230
2230
2200
2220
2225
2230
2205
2230
2220
2235
2205
2260
2130
2230
2115
2230
2215
2235
2200
2225
2220
2230
2105
2235
2210
2230
2225
2280
2195
2230
2200
2215
2145
2230
2220
2230
2190
2240
2135
2200
2125
2235
2215
2270
2110
2225
2105
2135
2115
2190
2220
2290
2130
2225
2110
2260
2195
2265
2140
2195
2205
2235
2105
2210
2115
2255
2115
2185
2115
2185
2205
2230
2105
2220
2125
2260
2120
2190
2120
2195
2215
2235
2105
2225
2120
2260
2115
2195
2120
2200
2200
2210
2135
2215
2120
2250
2195
2255
2140
2195
2215
2230
2105
2220
2115
2255
2120
2195
2120
2200
2130
2205
2220
2235
2115
2230
2185
2270
2120
2205
2120
2235
2195
2225
2130
2220
2115
2195
2115
2195
2210
2235
2105
2225
2125
2255
2120
2190
2120
2200
2210
2230
2105
2225
2125
2260
2110
2190
2115
2200
2210
2230
2105
2225
2120
2255
2110
2195
2120
2195
2195
2215
2135
2225
2120
2255
2200
2260
2140
2200
2220
2235
2105
2220
2115
2265
2120
2190
2115
2200
2135
2200
2210
2230
2220
2230
2225
2255
2120
2230
2220
2230
2105
2225
2110
2255
2120
2190
2115
2200
2130
2235
2210
2240
2195
2225
2135
2185
2120
2220
2215
2280
2120
2225
2105
2195
2120
2200
2210
2235
2105
2220
2115
2250
2110
2190
2115
2205
2135
2235
2205
2235
2200
2230
2230
2255
2120
2235
2210
2235
2190
2220
2135
2255
2115
2195
2195
2210
2225
2240
2105
2260
2190
2255
2105
2205
2125
2235
2215
2235
2195
2220
2200
2265
2125
2230
2215
2235
2195
2220
2200
2210
2105
2230
2205
2235
2225
2275
2190
2220
2200
2215
2140
2230
2215
2230
2195
2235
2135
2210
2120
2230
2210
2285
2115
2220
2105
2195
2110
2200
2205
2235
2105
2225
2115
2255
2120
2195
2125
2200
2140
2225
2210
2230
2195
2225
2145
2235
2125
2230
2220
2275
2115
2220
2105
2190
2120
2205
2215
2230
2105
2230
2115
2260
2115
2195
2115
2205
2205
2215
2135
2215
2120
2260
2195
2260
2140
2190
2205
2225
2105
2225
2115
2260
2125
2185
2120
2200
2130
2230
2210
2225
2190
2220
2135
2205
2125
2230
2220
2275
2115
2225
2105
2135
2115
2190
2205
2290
2215
2235
2105
2260
2195
2260
2120
2205
2210
2240
2105
2220
2115
2255
2115
2195
2120
2195
2130
2225
2210
2230
2215
2230
2240
2260
2110
2225
2210
2230
2195
2220
2200
2225
2105
2225
2210
2230
2210
2270
2195
2210
2205
2210
2140
2230
2205
2235
2190
2225
2135
2200
2125
2230
2215
2270
2110
2220
2105
2135
2125
2190
2215
2225
2105
2230
2105
2265
2190
2260
2115
2200
2115
2230
2215
2240
2195
2215
2225
2240
2105
2225
2205
2235
2210
2280
2195
2220
2200
2225
2205
2235
2220
2230
2195
2265
2140
2195
2125
2230
2215
2235
2185
2225
2120
2195
2115
2195
2210
2245
2105
2220
2125
2260
2120
2190
2120
2200
2210
2230
2105
2220
2125
2255
2115
2190
2120
2200
2205
2230
2105
2210
2120
2255
2115
2180
2200
2215
2225
2230
2105
2255
2195
2255
2115
2195
2115
2195
2220
2230
2105
2230
2120
2260
2125
2195
2125
2200
2205
2230
2105
2225
2125
2255
2115
2190