2211
2236
2216
2246
2216
2246
2226
2241
2206
2266
2236
2271
2241
2266
2266
2271
2226
2286
2216
2281
2221
2261
2201
2266
2246
2301
2206
2296
2246
2371
2246
2301
2266
2301
2271
2271
2246
2266
2251
2271
2241
2306
2271
2306
2276
2291
2261
2291
2251
2296
2256
2311
2311
2321
2276
2321
2286
2311
2311
2311
2266
2296
2261
2286
2296
2316
2301
2376
2301
2321
2256
2301
2226
2371
2266
2296
2241
2301
2266
2266
2251
2286
2296
2301
2286
2291
2301
2301
2301
2311
2301
2321
2306
2386
2306
2391
2291
2321
2256
2296
2251
2291
2246
2276
2296
2301
2286
2291
2276
2316
2296
2301
2246
2291
2266
2271
2296
2306
2271
2311
2291
2301
2306
2311
2266
2326
2276
2286
2306
2321
2266
2291
2236
2371
2231
2376
2286
2306
2271
2276
2276
2296
2326
2376
2291
2316
2316
2371
2326
2381
2376
2396
2376
2396
2291
2391
2326
2371
2266
2376
2296
2316
2281
2386
2271
2321
2311
2316
2306
2326
2321
2321
2291
2366
2306
2391
2301
2386
2366
2381
2321
2376
2271
2366
2296
2311
2271
2391
2286
2391
2381
2396
2371
2386
2371
2391
2381
2381
2371
2436
2321
2381
2361
2391
2366
2391
2321
2386
2291
2386
2271
2386
2371
2386
2311
2321
2251
2316
2281
2281
2316
2366
2296
2386
2311
2316
2311
2316
2361
2381
2291
2356
2341
2371
2311
2381
2381
2386
2376
2391
2296
2311
2271
2396
2376
2441
2301
2416
2366
2426
2286
2396
2286
2386
2366
2431
2316
2391
2321
2371
2256
2381
2291
2416
2321
2436
2266
2406
2306
2396
2251
2316
2286
2306
2296
2311
2266
2366
2301
2381
2316
2316
2281
2376
2286
2381
2366
2376
2316
2311
2251
2356
2211
2381
2286
2371
2296
2321
2276
2296
2286
2296
2321
2396
2286
2366
2291
2406
2391
2391
2371
2401
2366
2371
2366
2386
2376
2366
2311
2366
2266
2371
2286
2396
2231
2396
2266
2316
2261
2281
2301
2311
2316
2301
2311
2316
2321
2361
2391
2391
2371
2386
2376
2386
2301
2391
2276
2316
2246
2316
2246
2296
2281
2386
2286
2381
2281
2376
2251
2411
2286
2366
2301
2346
2321
2366
2286
2371
2226
2381
2286
2301
2256
2276
2251
2286
2306
2301
2321
2361
2301
2296
2301
2316
2266
2386
2316
2381
2366
2391
2296
2316
2256
2321
2226
2286
2271
2271
2256
2301
2301
2326
2321
2366
2306
2376
2306
2376
2276
2391
2286
2391
2316
2366
2301
2306
2286
2371
2276
2291
2281
2311
2276
2296
2311
2366
2296
2311
2281
2376
2301
2336
2326
2321
2281
2391
2376
2396
2306
2381
2326
2321
2246
2356
2211
2381
2281
2311
2246
2271
2271
2281
2266
2296
2266
2381
2291
2316
2301
2366
2381
2381
2306
2376
2281
2416
2296
2386
2316
2361
2306
2386
2301
2376
2291
2316
2246
2366
2306
2366
2306
2376
2321
2366
2301
2371
2306
2366
2301
2311
2271
2376
2301
2361
2306
2376
2361
2381
2301
2366
2311
2376
2376
2386
2316
2351
2271
2366
2301
2356
2256
2361
2276
2376
2301
2406
2376
2401
2376
2396
2311
2391
2386
2406
2386
2396
2371
2376
2301
2386
2291
2391
2376
2391
2306
2381
2301
2326
2256
2256
2251
2296
2291
2311
2306
2376
2291
2326
2256
2371
2296
2376
2316
2381
2261
2406
2296
2366
2231
2371
2271
2296
2291
2351
2256