2432
2437
2432
2442
2447
2247
2252
2222
2397
2212
2312
2197
2222
2177
2232
2172
2222
2177
2232
2177
2222
2182
2227
2172
2227
2177
2227
2177
2217
2177
2222
2172
2227
2172
2227
2177
2232
2177
2222
2177
2232
2167
2217
2177
2227
2177
2222
2177
2222
2177
2227
2177
2232
2172
2232
2177
2227
2177
2222
2167
2227
2177
2222
2177
2227
2172
2222
2177
2232
2172
2222
2232
2222
2172
2227
2172
2222
2177
2222
2182
2227
2182
2227
2177
2222
2177
2217
2182
2222
2177
2227
2177
2222
2177
2222
2172
2227
2177
2222
2177
2212
2177
2227
2177
2217
2177
2227
2177
2217
2177
2217
2177
2222
2177
2222
2177
2227
2177
2227
2177
2227
2177
2222
2182
2222
2177
2227
2177
2227
2172
2227
2177
2227
2172
2227
2172
2227
2177
2217
2177
2227
2172
2217
2172
2227
2172
2222
2172
2222
2177
2232
2172
2227
2177
2232
2177
2227
2177
2227
2172
2227
2182
2227
2167
2222
2177
2227
2177
2217
2172
2222
2177
2222
2182
2227
2182
2227
2177
2222
2172
2222
2177
2222
2172
2217
2172
2227
2172
2227
2177
2217
2177
2217
2172
2217
2177
2222
2177
2217
2172
2222
2177
2222
2177
2222
2177
2217
2167
2222
2172
2222
2172
2217
2222
2227
2172
2217
2177
2217
2167
2212
2172
2222
2167
2222
2227
2222
2167
2217
2172
2222
2177
2227
2172
2217
2167
2227
2172
2232
2172
2222
2172
2212
2222
2227
2177
2227
2177
2227
2177
2227
2177
2232
2177
2227
2177
2222
2172
2222
2172
2222
2172
2222
2177
2212
2182
2217
2177
2212
2167
2222
2177
2217
2177
2222
2172
2222
2177
2222
2172
2232
2177
2222
2177
2227
2167
2227
2177
2222
2182
2222
2217
2212
2167
2222
2172
2217
2172
2227
2182
2222
2172
2222
2177
2227
2182
2222
2167
2227
2172
2227
2177
2217
2172
2222
2167
2222
2177
2222
2182
2227
2177
2222
2177
2227
2177
2222
2177
2222
2177
2237
2177
2217
2177
2212
2167
2207
2167
2217
2177
2212
2172
2217
2172
2222
2177
2217
2172
2222
2177
2217
2182
2222
2177
2227
2177
2222
2182
2217
2172
2222
2172
2217
2177
2222
2172
2217
2177
2232
2227
2222
2172
2222
2172
2222
2177
2227
2167
2232
2172
2222
2232
2222
2167
2217
2172
2227
2182
2227
2167
2222
2172
2212
2177
2222
2182
2202
2212
2222
2162
2222
2177
2227
2172
2217
2177
2227
2177
2222
2177
2217
2172
2232
2177
2222
2172
2217
2167
2217
2172
2217
2177
2222
2172
2217
2177
2217
2177
2217
2177
2222
2182
2217
2177
2212
2172
2222
2177
2222
2177
2222
2172
2222
2172
2227
2172
2222
2172
2222
2177
2227
2167
2227
2177
2227
2162
2222
2167
2217
2157
2217
2172
2227
2167
2232
2182
2222
2162
2222
2177
2222
2227
2227
2167
2212
2172
2222
2177
2232
2162
2222
2182
2222
2172
2232
2182
2227
2222
2232
2182
2227
2172
2217
2172
2212
2172
2222
2167
2217
2172
2217
2172
2212
2172
2217
2177
2212
2177
2222
2177
2222
2177
2222
2172
2227
2167
2232
2172
2222
2172
2222
2177
2232
2167
2227
2177
2222
2172
2217
2177
2222
2162
2222
2172
2227
2167
2232