2254
2419
2349
2414
2264
2374
2294
2319
2409
2419
2484
2494
2529
2549
2609
2659
2669
2689
2664
2704
2659
2744
2769
2799
2889
2814
2924
2849
2884
2869
2904
2899
2879
2909
2799
2784
2769
2824
2729
2704
2804
2734
2894
2779
2874
2804
2859
2829
2854
2844
2829
2794
2804
2859
2824
2844
2839
2839
2834
2809
2834
2769
2854
2859
2849
2824
2884
2894
2804
2874
2724
2794
2704
2809
2759
2814
2739
2854
2714
2834
2774
2774
2729
2799
2739
2779
2734
2839
2819
2874
2799
2929
2809
2874
2809
2769
2884
2719
2914
2914
2814
2889
2734
2734
2934
2719
2884
2869
2764
2884
2879
2814
2859
2864
2849
2869
2814
2789
2789
2839
2764
2829
2759
2869
2719
2874
2679
2889
2614
2784
2639
2839
2719
2839
2764
2904
2739
2914
2744
2829
2719
2779
2774
2854
2779
2774
2779
2829
2814
2829
2789
2844
2759
2834
2779
2859
2814
2894
2769
2909
2839
2844
2789
2814
2824
2829
2869
2849
2794
2824
2844
2844
2844
2789
2809
2824
2799
2829
2764
2839
2719
2839
2809
2834
2774
2744
2819
2759
2824
2829
2804
2759
2774
2814
2764
2729
2734
2809
2699
2789
2814
2729
2729
2789
2789
2794
2759
2724
2909
2899
2814
2879
2789
2794
2779
2849
2714
2779
2739
2814
2719
2804
2704
2844
2724
2854
2674
2674
2859
2779
2789
2824
2749
2824
2709
2839
2734
2854
2739
2834
2804
2799
2769
2794
2769
2844
2814
2864
2724
2759
2794
2754
2764
2764
2809
2739
2794
2784
2774
2834
2759
2824
2799
2834
2779
2834
2754
2819
2704
2839
2744
2789
2814
2849
2784
2784
2804
2819
2799
2829
2799
2779
2779
2844
2759
2819
2724
2829
2699
2779
2744
2759
2719
2794
2814
2779
2764
2824
2744
2879
2714
2694
2819
2909
2789
2869
2754
2739
2899
2659
2909
2749
2889
2674
2894
2719
2909
2674
2919
2844
2734
2884
2704
2824
2669
2874
2729
2874
2719
2889
2664
2879
2819
2849
2874
2819
2884
2914
2869
2929
2939
2769
2924
2719
2904
2769
2934
2779
2879
2799
2934
2819
2934
2844
2934
2879
2939
2789
2879
2804
2949
2834
2879
2864
2884
2879
2884
2889
2874
2934
2774
2929
2844
2919
2924
2874
2924
2894
2884
2924
2924
2884
2899
2834
2844
2879
2839
2879
2869
2914
2884
2874
2854
2804
2854
2869
2824
2889
2849
2819
2824
2859
2749
2829
2769
2874
2729
2874
2719
2884
2684
2889
2659
2884
2684
2874
2704
2899
2769
2779
2724
2829
2804
2889
2754
2849
2759
2849
2789
2864
2749
2839
2794
2839
2734
2844
2844
2824
2824
2799
2799
2859
2764
2889
2824
2839
2774
2914
2749
2824
2824
2799
2764
2819
2799
2889
2859
2909
2769
2884
2814
2854
2769
2909
2764
2909
2684
2914
2779
2919
2774
2889
2774
2914
2809
2829
2844
2894
2779
2854
2819
2889
2769
2864
2829
2834
2809
2814
2799
2824
2749
2819
2784
2819
2754
2814
2794
2804
2899
2799
2859
2804
2969
2819
2909
2819
2969
2759
2799
2954
2924
2809
2974
2849
2984
2919
2969
2869
2909
2874
2909
2859
2849
2769
2734
2934
2819
2944
2799
2959
2799
2919
2874
3004
2979
3024
2964
2999
2969
2954
2929
2969
2979
2949
2869
2969
3014
2929
2974
2929
2909
3034
2944
2954
2879
2899
2914
2899
2884
2954
2864
2949
2939
2879
2904
2864
2909
2984
2909
3004
2914
2994
2959
2924
2859
3024
2929
2974
2914
2984
2934
2994
2934
2974
2949
2974
2934
3019
2929
3004
2939
2984
2994
2934
2994
2944
2984
2934
2904
2984
2964
2939
2939
2929
2914
2934
2814
2954
2869
2929
2859
2964
2864
2934
2864
2939
2919
2859
2914
2929
2884
2909
2869
2859
2829
2869
2874
2859
2879
2849
2824
2859
2879
2839
2859
2934
2864
2879
2804
2884
2849
2789
2884
2839
2874
2829
2784
2869
2894
2939
2889
2929
2899
2969
2924
2984
2904
2929
2924
2909
2979
2884
2939
2944
2859
2924
2819
2869
2984
2774
2959
2839
2954
2739
2919
2774
2909
2859
2809
2829
2874
2804
2899
2849
2914
2839
2814
2939
2794
2954
2834
2974
2824
2999
2784
2989
2799
2959
2839
2969
2889
2914
2929
2979
2944
2924
2969
2994
2944
2989
2944
2894
2924
2829
2864
2884
2884
2864
2919
2749
2889
2749
2849
2764
2829
2779
2814
2834
2784
2864
2864
2789
2844
2824
2859
2879
2874
2804
2889
2844
2824
2879
2879
2869
2899
2894
2919
2829
2899
2814
2864
2804
2869
2844
2854
2799
2859
2754
2874
2799
2899
2764
2804
2789
2864
2744
2794
2799
2814
2794
2804
2769
2839
2769
2794
2769
2859
2789
2869
2749
2859
2739
2894
2719
2899
2669
2789
2729
2794
2754
2764
2684
2789
2744
2719
2784
2824
2709
2694
2754
2689
2784
2679
2609
2799
2614
2799
2739
2649
2729
2714
2809
2699
2874
2694
2879
2699
2924
2694
2684
2954
2644
2839
2789
2799
2834
2779
2854
2739
2874
2784
2764
2744
2879
2714
2854
2759
2714
2764
2769
2719
2804
2834
2834
2824
2854
2834
2809
2839
2804
2759
2859
2889
2894
2919
2919
2909
2904
2929
2929
2929
2914
2894